function [CellDataAll,C0] = eq_data_linear()
C0=[1.0,4.0,7.0];

wTabNxC1 = {
[
0.0536,0.0610,0.0695,0.0792,0.0903,0.1031,0.1178,0.1348,0.1547,0.1781;
];
[
1.9934,1.9903,1.9859,1.9794,1.9700,1.9564,1.9370,1.9095,1.8712,1.8187;
];
[
0.0014,0.0019,0.0026,0.0037,0.0051,0.0071,0.0098,0.0136,0.0189,0.0263;
0.1962,0.2113,0.2279,0.2463,0.2667,0.2895,0.3152,0.3442,0.3774,0.4157;
];
[
1.7515,1.7063,1.6545,1.5958,1.5302,1.4576,1.3786,1.2941,1.2052,1.1134;
1.7738,1.7343,1.6896,1.6397,1.5845,1.5245,1.4605,1.3935,1.3249,1.2563;
];
[
0.0004,0.0006,0.0009,0.0013,0.0020,0.0029,0.0042,0.0062,0.0091,0.0133;
0.0115,0.0144,0.0180,0.0224,0.0280,0.0350,0.0437,0.0545,0.0681,0.0850;
0.3289,0.3493,0.3717,0.3963,0.4236,0.4539,0.4880,0.5265,0.5705,0.6213;
];
[
1.3379,1.2799,1.2198,1.1583,1.0957,1.0327,0.9698,0.9077,0.8471,0.7885;
1.3371,1.2785,1.2178,1.1552,1.0911,1.0260,0.9602,0.8942,0.8283,0.7631;
1.4281,1.3825,1.3362,1.2897,1.2435,1.1982,1.1543,1.1122,1.0725,1.0355;
];
[
0.0002,0.0003,0.0005,0.0008,0.0012,0.0018,0.0027,0.0040,0.0061,0.0090;
0.0028,0.0037,0.0050,0.0067,0.0060,0.0120,0.0160,0.0214,0.0286,0.0382;
0.0342,0.0404,0.0479,0.0566,0.0670,0.0793,0.0938,0.1111,0.1316,0.1560;
0.4507,0.4758,0.5033,0.5336,0.5671,0.6046,0.6467,0.6944,0.7493,0.8130;
];
[
1.0390,0.9914,0.9441,0.8973,0.8514,0.8065,0.7631,0.7213,0.6814,0.6435;
1.0322,0.9823,0.9320,0.8815,0.8308,0.7802,0.7297,0.6794,0.6295,0.5802;
1.0327,0.9829,0.9330,0.8829,0.8329,0.7831,0.7338,0.6851,0.6373,0.5907;
1.2027,1.1692,1.1367,1.1053,1.0753,1.0468,1.0199,0.9947,0.9713,0.9497;
];
[
0.0002,0.0002,0.0004,0.0006,0.0009,0.0013,0.0020,0.0030,0.0046,0.0069;
0.0012,0.0016,0.0023,0.0032,0.0030,0.0062,0.0086,0.0120,0.0167,0.0232;
0.0088,0.0111,0.0141,0.0178,0.0151,0.0284,0.0359,0.0453,0.0572,0.0722;
0.0664,0.0760,0.0870,0.0997,0.1142,0.1310,0.1502,0.1725,0.1984,0.2286;
0.5651,0.5948,0.6273,0.6632,0.7030,0.7477,0.7981,0.8555,0.9217,0.9990;
];
[
0.8540,0.8177,0.7823,0.7478,0.7145,0.6824,0.6516,0.6223,0.5946,0.5685;
0.8338,0.7929,0.7521,0.7114,0.6709,0.6305,0.5905,0.5509,0.5120,0.4739;
0.8336,0.7927,0.7518,0.7109,0.6701,0.6293,0.5887,0.5483,0.5083,0.4687;
0.8358,0.7956,0.7557,0.7162,0.6771,0.6385,0.6008,0.5639,0.5282,0.4939;
1.0770,1.0538,1.0317,1.0106,0.9907,0.9719,0.9543,0.9379,0.9227,0.9087;
];
};
wTabNxC4 = {
[
0.0535,0.0609,0.0693,0.0789,0.0898,0.1024,0.1168,0.1335,0.1528,0.1755;
];
[
7.9735,7.9612,7.9432,7.9170,7.8789,7.8239,7.7449,7.6325,7.4751,7.2591;
];
[
0.0014,0.0019,0.0026,0.0036,0.0050,0.0069,0.0096,0.0134,0.0186,0.0257;
0.1920,0.2065,0.2224,0.2400,0.2597,0.2817,0.3067,0.3350,0.3677,0.4056;
];
[
6.9937,6.8097,6.5992,6.3607,6.0939,5.7996,5.4800,5.1384,4.7802,4.4115;
7.0844,6.9240,6.7425,6.5395,6.3157,6.0731,5.8146,5.5450,5.2699,4.9961;
];
[
0.0004,0.0006,0.0009,0.0013,0.0019,0.0029,0.0042,0.0061,0.0090,0.0131;
0.0112,0.0139,0.0174,0.0217,0.0271,0.0338,0.0423,0.0528,0.0659,0.0822;
0.3191,0.3389,0.3608,0.3850,0.4119,0.4421,0.4761,0.5148,0.5592,0.6111;
];
[
5.3274,5.0938,4.8525,4.6055,4.3547,4.1025,3.8512,3.6034,3.3616,3.1282;
5.3236,5.0879,4.8435,4.5920,4.3347,4.0732,3.8091,3.5439,3.2790,3.0162;
5.6933,5.5102,5.3248,5.1389,4.9548,4.7748,4.6009,4.4353,4.2799,4.1364;
];
[
0.0002,0.0003,0.0005,0.0008,0.0012,0.0018,0.0027,0.0040,0.0060,0.0089;
0.0027,0.0036,0.0049,0.0065,0.0087,0.0117,0.0156,0.0209,0.0279,0.0372;
0.0329,0.0389,0.0460,0.0545,0.0644,0.0762,0.0902,0.1067,0.1263,0.1495;
0.4380,0.4629,0.4904,0.5208,0.5546,0.5925,0.6356,0.6849,0.7421,0.8098;
];
[
4.1348,3.9444,3.7552,3.5683,3.3851,3.2064,3.0333,2.8668,2.7079,2.5574;
4.1066,3.9067,3.7054,3.5033,3.3006,3.0980,2.8958,2.6946,2.4948,2.2974;
4.1070,3.9074,3.7068,3.5057,3.3045,3.1040,2.9048,2.7077,2.5133,2.3227;
4.7976,4.6647,4.5360,4.4123,4.2947,4.1837,4.0800,3.9843,3.8972,3.8194;
];
[
0.0002,0.0002,0.0004,0.0006,0.0008,0.0013,0.0020,0.0030,0.0045,0.0068;
0.0011,0.0016,0.0022,0.0031,0.0044,0.0061,0.0085,0.0118,0.0164,0.0227;
0.0085,0.0108,0.0137,0.0173,0.0218,0.0275,0.0348,0.0439,0.0554,0.0699;
0.0636,0.0728,0.0834,0.0955,0.1093,0.1253,0.1435,0.1646,0.1889,0.2171;
0.5517,0.5817,0.6147,0.6515,0.6926,0.7391,0.7923,0.8540,0.9266,1.0142;
];
[
3.3994,3.2547,3.1134,2.9762,2.8433,2.7155,2.5930,2.4764,2.3661,2.2623;
3.3167,3.1534,2.9903,2.8275,2.6653,2.5039,2.3439,2.1856,2.0298,1.8774;
3.3162,3.1526,2.9888,2.8251,2.6616,2.4983,2.3355,2.1732,2.0121,1.8526;
3.3205,3.1589,2.9978,2.8379,2.6793,2.5226,2.3681,2.2165,2.0681,1.9235;
4.3038,4.2133,4.1276,4.0467,3.9712,3.9013,3.8373,3.7798,3.7294,3.6871;
];
};
wTabNxC7 = {
[
0.0533,0.0605,0.0688,0.0781,0.0888,0.1009,0.1146,0.1304,0.1485,0.1697;
];
[
13.9533,13.9315,13.8995,13.8527,13.7878,13.6850,13.5412,13.3352,13.0441,12.6419;
];
[
0.0013,0.0018,0.0025,0.0035,0.0048,0.0067,0.0093,0.0128,0.0178,0.0246;
0.1831,0.1962,0.2107,0.2267,0.2447,0.2650,0.2882,0.3149,0.3459,0.3824;
];
[
12.1929,11.8597,11.4784,11.0469,10.5651,10.0352,9.4617,8.8516,8.2146,7.5623;
12.3574,12.0674,11.7393,11.3730,10.9703,10.5352,10.0742,9.5962,9.1122,8.6347;
];
[
0.0004,0.0006,0.0009,0.0013,0.0019,0.0028,0.0041,0.0059,0.0087,0.0126;
0.0105,0.0131,0.0163,0.0203,0.0253,0.0316,0.0394,0.0491,0.0611,0.0761;
0.2979,0.3164,0.3369,0.3598,0.3855,0.4145,0.4476,0.4857,0.5303,0.5834;
];
[
9.2337,8.8195,8.3929,7.9570,7.5156,7.0728,6.6327,6.1996,5.7776,5.3708;
9.2257,8.8071,8.3742,7.9289,7.4739,7.0120,6.5454,6.0762,5.6065,5.1380;
9.8933,9.5706,9.2447,8.9195,8.5992,8.2875,7.9889,7.7073,7.4468,7.2116;
];
[
0.0002,0.0003,0.0005,0.0008,0.0011,0.0017,0.0026,0.0039,0.0058,0.0086;
0.0026,0.0035,0.0046,0.0062,0.0083,0.0111,0.0148,0.0197,0.0262,0.0348;
0.0303,0.0358,0.0423,0.0500,0.0591,0.0697,0.0823,0.0970,0.1142,0.1343;
0.4088,0.4328,0.4594,0.4892,0.5227,0.5609,0.6050,0.6572,0.7208,0.8032;
];
[
7.1555,6.8218,6.4907,6.1643,5.8443,5.5326,5.2307,4.9406,4.6635,4.4007;
7.1030,6.7511,6.3979,6.0428,5.6868,5.3306,4.9744,4.6196,4.2664,3.9159;
7.0989,6.7467,6.3923,6.0365,5.6799,5.3234,4.9675,4.6126,4.2593,3.9081;
8.3449,8.1157,7.8949,7.6847,7.4866,7.3026,7.1346,6.9848,6.8563,6.7541;
];
[
0.0001,0.0002,0.0004,0.0005,0.0008,0.0013,0.0019,0.0029,0.0044,0.0064;
0.0011,0.0015,0.0021,0.0030,0.0042,0.0058,0.0080,0.0111,0.0154,0.0203;
0.0080,0.0101,0.0127,0.0160,0.0202,0.0255,0.0321,0.0403,0.0505,0.0589;
0.0578,0.0661,0.0755,0.0863,0.0985,0.1124,0.1280,0.1457,0.1654,0.1750;
0.5182,0.5480,0.5813,0.6191,0.6625,0.7136,0.7759,0.8577,0.9950,1.1268;
];
[
5.8846,5.6321,5.3858,5.1462,4.9144,4.6914,4.4775,4.2736,4.0800,3.8501;
5.7332,5.4465,5.1593,4.8732,4.5878,4.3036,4.0211,3.7410,3.4637,3.1253;
5.7316,5.4440,5.1556,4.8675,4.5791,4.2904,4.0015,3.7120,3.4219,3.0890;
5.7254,5.4382,5.1517,4.8653,4.5797,4.2951,4.0118,3.7297,3.4489,3.2355;
7.5111,7.3602,7.2195,7.0896,6.9720,6.8684,6.7814,6.7154,6.6816,6.6761;
];
};
CellDataAll = {wTabNxC1,wTabNxC4,wTabNxC7};
end
